P = [0.4	0.2	0	0	0.4	
0.7	0.2	0.1	0	0
0	0.5	0.2	0.3	0
0	0	0.6	0.3	0.1
0.4	0	0	0.3	0.3]

f1 = P(3, 4)
P2 = P^2;
f2 = P2(3, 4) - f1 * P(4, 4)
P3 = P^3;
f3 = P3(3, 4) - f1 * P2(4, 4) - f2*P(4, 4)